1
81
000000000000000000000000000000000000000000000000000000000000000000000000000000000
000000000000000000000000000000000000X00000000000000000000000000000000000000000000
000000000000000000000000000000000000000000000000000000000000000000000000000000000
000000000000000000000000000000000000000000000000000000X00000000000000000000000000
000000000000000000000000000000000000000000000000000000000000000000000000000000000
000000000000000000000000000000000000000000000000000000000000000000000000000000000
000000000000000000000000000000000000000000000000000000000000000000000000000000000
000000000000000000000000000000000000000000000000000000000000000000000000000000000
000000000000000000000000000000000000000000000000000000000000000000000000000000000
000000000000000000000000000000000000000000000000000000000000000001000000000000000
000000000000000000000000000000000000000000001000000000000000000011100000000000000
000000000000000000000000000000000000000000011100000000000000000111110000000000000
0000000000000000000X0000000000000000000001111110000000000000001111111000000000000
000000000000000000000000000000011111011111111111000000000000011111111100000000000
000000000000000000000000000000011111111111111111110000000001111111111110000000000
000000000000000000000000000000011111111111111111111111011111111111111111000000000
000000000000000000000000000000011111111111111111111111111111111111111111100000000
000000001000000000000000000000111111111111111111111111111111111111111111100000000
000000010000000000000000000000111111111111111111111111111111111111111111110000000
000000100000000000000000000001111111111111111111111111111111111011111111111000000
000000000000000000000000000011111111111111111111111111111110000000001111111000000
000000000000000000000000000111111111111111111111111111111000000000000011111100000
000000000000000000000000001111111111111111111111111111110000000000000001111100000
000000000000000000000000000111111111111111111111111111100000000000000000111110000
000000000000000000000000000111111111111111111111111111000000000000000000011110000
000100000000000000000000000111111111111111111111111110000000000000000000001111000
000100000000000000000000000111111111111111111111111110000000000000000000001111000
000000000000000X00000000000011111111111111111111111100000000000000000000000111000
001100000000000000000000000111111111111111111111111100000000000000000000000111100
001100000000000000000000000111111111111111111111111100000000000000000000000111100
001100000000000000000000000111111111111111111111111100000000000000000000000111100
001100000000000000000000000111111111111111111111111000000000000X00000000000011100
011110000000000000000000001111111111111111111111111100000000000000000000000111110
011110000000000000000000001111111111111111111111111100000000000000000000000111110
011111000000000000000000011111111111111111111111111100000000000000000000000111110
011111100000000000000000111111111111111111111111111100000000000000000000000111110
011111110000000000000001111111111111111111111111111110000000000000000000001111110
011111111000000000000011111111111111111111111111111110000000000000000000001111110
011111111110000000001111111111111111111111111111111100000000000000000000011111110
011111111111111011111111111111111111111111111111111000000000000000000000111111110
111111111111111111111111111111111111111111111111110000000000000000000001111111111
011111111111111111111111111111111111111111111111110000000000000000000001111111110
011111111111111111111111111111111111111111111111100000000000000000000000111111110
011110111111111111111111111111111111111111111111100000000000000000000000111111110
000000000011111111111111111111111111111111111111100000000000000000000000111111110
000000000000111111111111111111111111111111111111100000000000000000000000111111110
000000000000011111111111111111111111111111111111000000000000X00000000000011111110
000000000000001111111111111111111111111111111111100000000000000000000000111111110
000000000000000111111111111111111111111111111111100000000000000000000000111111110
000000000000000011111111111111111111111111111111100000000000000000000000111111100
000000000000000011111111111111111111111111111111100000000000000000000000111111100
000000000000000001111111111111111111111111111111110000000000000000000001111111100
000000000000000001111111111111111111111111111111110000000000000000000001111111100
000000000000000001111111111111111111111111111111111000000000000000000001111111000
000000000000000001111111111111111111111111111111111100000000000000000000011111000
00000X000000000000111111111111111111111111111111111110000000000000000000001111000
000000000000000001111111111111111111111111111111111111000000000000000000000110000
000000000000000001111111111111111111111111111111111111110000000000000000000010000
000000000000000001111011111111111111111111111111111111110000000000000000000000000
000000000000000000000000001111111111111111111111111111110000000000000000000000000
000000000000000000000000000011111111111111111111111111100000000000000000000000000
000000000000000000000000000001111111111111111111111111100000000000000000000000000
000000000000000000000000000000111111111111111111111111100000000000000000000000000
000000000000000000000000000000011111111111111111111111100000000000000000000000000
000000000000000000000000000000001111111111111011111111000000000000X00000000000000
000000000000000000000000000000001111111110000000001111100000000000000000000000000
000000000000000000000000000000000111111000000000000011100000000000000000000000000
000000000000000000000000000000000111110000000000000001100000000000000000000000000
000000000000000000000000000000000111100000000000000000100000000000000000000000000
000000000000000000000000000000000111000000000000000000010000000000000000000000000
000000000000000000000X00000000000010000000000000000000000000000000000000000000000
000000000000000000000000000000000110000000000000000000001000000000000000000000000
000000000000000000000000000000000100000000000000000000000100000000000000000000000
000000000000000000000000000000000100000000000000000000000110000000000000000000000
000000000000000000000000000000000100000000000000000000000111000000000000000000000
000000000000000000000000000000001100000000000000000000000111000000000000000000000
000000000000000000000000000000001000000000000X00000000000000000000000000000000000
000000000000000000000000000000011100000000000000000000000000000000000000000000000
000000000000000000000000000000111100000000000000000000000000000000000000000000000
000000000000000000000000000000001100000000000000000000000000000000000000000000000
000000000000000000000000000000000000000000000000000000000000000000000000000000000