1
81
000000000000000000000000000000000000000000000000000000000000000000000000000000000
000000000000000000000000000000000000000000000000000000000000000000000000000000000
000000000000000000000000000000000000000000000000000000000000000000000000000000000
00000000000000000000000001000000000000X000000000000000000000000000000000000000000
000000000000000000000001111000000000000000000000000000000000000000000000000000000
000000000000000000000111111000000000000000000000000000000000000000000000000000000
000000000000000000010111111000000000000000000000000000000000000000000000000000000
000000000000000000000000011000000000000000000000000000000000000000000000000000000
00000000000000000000000000010000000000000000000000000X000000000000000000000000000
000000000000000000000000000000000000000000000000000000000000000001000000000000000
000000000000000000000000000000000000000000000000000000000000000000100000000000000
000000000000000000000000000000000000000000000000000000000000000000010000000000000
000000000000000000000000000000000000000000000000000000000000000000001000000000000
000000000000000000000000000000010000000000000000000000000000000000000100000000000
000000000000000000000000000000001100000000000000000000000000000000000010000000000
000000000000000000000000000000001111110111110000000000000000000000000011000000000
000000001000000000000000000000001111111111111000000000000000000000000001100000000
000000001000000000000000000000001111111111111100000000000000000000000001100000000
00000001000000000000X000000000000111111111111110000000000000000000000001110000000
000000111000000000000000000000001111111111111111000000000000000000000001111000000
00000011100000000000000000000000111111111111111000000000000X000000000000111000000
000001111000000000000000000000001111111111111111000000000000000000000001111100000
000001111000000000000000000000001111111111111111000000000000000000000001111100000
000011111100000000000000000000011111111111111111000000000000000000000001111110000
000011111100000000000000000000011111111111111100000000000000000000000001111110000
000111111110000000000000000000111111111111111000000000000000000000000011111111000
000111111111000000000000000001111111111111110000000000000000000000000011111111000
000111111111100000000000000011111111111111100000000000000000000000000111110000000
001111111111110000000000000111111111111111000000000000000000000000001111000000000
001111111101111100000000011111111111111111000000000000000000000000011110000000000
001111000000000111110111111111111111111110000000000000000000000000111100000000000
001100000000000001111111111111111111111110000000000000000000000011111000000000000
011000000000000000111111111111111111100000000000000000000000000011110000000000000
010000000000000000011111111111111110000000000000000000000000000011110000000000000
0000000000000000000011111111111111000000000000000000X0000000000001100000000000000
000000000000000000000111111111111000000000000000000000000000000011100000000000000
000000000000000000000111111111110000000000000000000000000000000011100000000000000
000000000000000000000011111111100000000000000000000000000000000011100000000000000
000000000000000000000011111111100000000000000000000000000000000011000000000000X00
000000000000000000000011111111000000000000000000000000000000000111100000000000000
000000000000000000000011111111000000000000000000000000000000000111100000000000000
0000000000X0000000000001111111000000000000000000000000000000001111100000000000000
000000000000000000000011111111000000000000000000000000000000011111100000000000000
00000000000000000000001111111000000000000X000000000000000000111111110000000000000
000000000000000000000011111111000000000000000000000000000001111111110000000000000
000000000000000000000011111111000000000000000000000000000111111111111000000000000
000000000000000000000111111111000000000000000000000001111111111111111100000000000
000000000000000000000111111111000000000000000000000001111111111111111110000000000
000000000000000000001111111111100000000000000000000011111111111111111111000000000
000000000000000000011111111111100000000000000000000011111111111111111111110000000
001000000000000000111111111111110000000000000000000111111111111111111111111111000
001100000000000001111111110111111000000000000000001111111111111111111111111111100
001111000000000111111100000000011100000000000000011111111111111111111111111111100
000111111101111111110000000000000110000000000000111111111111111111111111111111000
000111111111111111100000000000000011100000000011111111111111111111111111111111000
000111111111111111000000000000000001111110111111111111111111111111111111111111000
000011111111111110000000000000000000111111111111111111111111111111111111111110000
000011111111111100000000000000000000011111111111111111111111111111111111111110000
000001111111111100000000000000000000011111111111111111111111111111111111111100000
000001111111111000000000000000000000001111111111111111111111111111111111111100000
000000111111111000000000000000000000001111111111111111111111111111111111111000000
000000111111110000000000000000000000001111111111111111111111111111111111111000000
000000011111000000000000000000000000001111111111111111111111111111111111110000000
00000000111000000000000000X000000000000111111111111111111111111111111111100000000
000000001100000000000000000000000000001111111111111111111111111111111111100000000
000000000000000000000000000000000000001111111111111111111111111111111111000000000
000000000000000000000000000000000000001111111111111111111111111111111110000000000
000000000000000000000000000000000000001111111111111111111111111111111100000000000
000000000000000000000000000000000000011111111111111111111111111111111000000000000
000000000000000000000000000000000000011111111111111111111111111111110000000000000
000000000000000000000000000000000000111111111111111111111111111111100000000000000
000000000000000000000000000000000001111111111111111111111111111111000000000000000
000000000000000000X00000000000000011111111111111111111111111111110000000000000000
000000000000000000000000000000000111111111111111111111111111111000000000000000000
000000000000000000000000000000011111111111111111111111111111110000000000000000000
000000000000000000000000000000111111111111111111111111111111000000000000000000000
000000000000000000000000000000111111111111111111111111111100000000000000000000000
000000000000000000000000000001111111111111111111111111110000000000000000000000000
000000000000000000000000000001111111111111111111111110000000000000000000000000000
000000000000000000000000000000001111111111111111100000000000000000000000000000000
000000000000000000000000000000000000000010000000000000000000000000000000000000000